×óDK31+265.000	86553.669 	49328.164 	50.643 					
×óDK31+270.300	86548.372 	49328.337 	50.538 					
×óDK31+276.300	86542.302 	49328.536 	50.433 
×óDK31+282.400	86536.278 	49328.733 	50.328 					
×óDK31+288.452	86530.229 	49328.930 	50.223 					
×óDK31+294.457	86524.228 	49329.126 	50.118 					
×óDK31+300.500	86518.188 	49329.324 	50.013 					
×óDK31+306.500	86512.191 	49329.520 	49.908 					
×óDK31+312.553	86506.141 	49329.718 	49.803 					
×óDK31+318.554	86500.143 	49329.914 	49.698 					
×óDK31+324.581	86494.120 	49330.111 	49.593 					
×óDK31+330.600	86488.104 	49330.308 	49.488 					
×óDK31+336.600	86482.107 	49330.504 	49.383 					
×óDK31+342.700	86476.010 	49330.703 	49.278 					
×óDK31+347.200	86471.513 	49330.850 	49.173 					
×óDK31+353.200	86465.516 	49331.046 	49.068 					
×óDK31+359.250	86459.469 	49331.244 	48.963 					
×óDK31+365.252	86453.470 	49331.440 	48.858 					
×óDK31+371.300	86447.426 	49331.638 	48.753 					
×óDK31+377.300	86441.429 	49331.834 	48.648 					
×óDK31+383.300	86435.432 	49332.030 	48.543 					
×óDK31+389.400	86429.335 	49332.229 	48.438 					
×óDK31+395.400	86423.338 	49332.425 	48.333 					
×óDK31+402.000	86416.742 	49332.641 	48.228 
			
			
